25261
23294
28667
14421
22284
21183
39555
24128
19414
21571
40291
28626
19764
24683
19683
29585
44278
30522
32973
39427
17120
20639
22172
22848
24874
39869
11789
24502
34698
32087
33316
26358
33397
39698
32377
31398
10487
59927
18572
45636
72846
31487
43863
26811
34311
31844
19414
21428
30915
41533
19864
21174
0
27025
9093
0
5854
38372
44550
27919
35584
37519
31037
18151
24199
0
-1000
21893
22209
30669
15783
28804
34199
24599
15341
21876
32041
27098
17508
38516
25837
24860
21067
29480
17516
19353
37488
33409
35267
34430
35267
23681
54730
58725
5072
24873
61995
57564
71624
22207
0
0
0
10033
36368
15943
0
0
15065
20808
51725
55185
48460
37900
31204
17407
17963
73944
43235
49349
0
0
0
0
0
413
26927
28976
28239
36610
0
-1000
13632
8219
27140
22300
34127
28041
22492
8219
19293
28811
23334
31082
16001
23389
26884
15251
23385
29224
41363
23701
27753
30509
34080
25365
43107
21270
37237
51434
15985
2218
0
4649
33863
15224
48482
13126
4042
34170
41522
23025
0
13430
4002
22380
19697
17569
29757
182
21780
10953
12652
32763
6183
13319
9117
8741
199
21518
29671
22759
29789
54088
62128
22542
38952
0
-1000
14782
2963
3196
887
3396
11185
0
5632
2300
16707
18031
151
14641
2913
11728
0
10949
18363
0
10949
4649
10126
10781
0
34426
22470
4478
13915
4649
10207
37457
22470
9419
10983
8886
2300
4846
22428
28975
6899
7001
13009
151
0
14701
0
3688
4244
0
7932
0
0
0
0
0
0
-1000
31867
22332
22310
26011
22472
27747
26869
30256
32372
27479
46228
19587
25094
29380
32372
35416
27479
23714
22023
40610
33080
29426
21233
33413
30971
24742
27979
27414
29288
37000
16969
21906
23258
39379
49699
27255
25579
29551
28927
29007
43002
44626
26655
27797
40328
31395
31404
49043
36125
29426
34107
40813
48791
16717
23990
30530
22452
0
-1000
20905
21563
30343
21219
9686
35838
43457
20342
25322
22203
21854
23583
20795
2471
25832
5766
7782
18135
38754
23871
3337
26902
5069
11624
24156
46772
38544
31767
23383
12179
15909
35910
18576
26922
44726
34280
31663
38008
18438
14817
21984
273
34594
21310
8708
9151
12145
38381
16513
12259
4444
494
27267
26349
20783
32429
34159
21219
3851
0
32095
21693
57310
0
-1000
35149
25550
32097
26933
45340
22155
31420
33569
42778
18163
58886
13531
49171
26740
22028
29010
28506
34214
25729
27144
44259
23172
25447
28435
0
48373
10824
0
0
0
0
9279
16693
17328
22057
28213
31007
4409
23126
27890
7718
0
7464
9732
7917
27888
44371
16277
0
-1000
21735
30580
42034
14052
727
26573
38906
38432
16917
14492
16459
41969
47000
45730
40562
38351
40590
20739
9740
40456
34075
32860
26499
44996
51028
48948
40148
19590
9174
17941
10214
11496
18042
48257
37436
40760
41117
24652
21846
16945
48929
50766
39292
20234
42020
15405
19736
30109
23089
43868
45134
47665
34540
13502
16912
13502
29523
40590
36707
36030
20951
47852
62539
16196
9622
0
-1000
19606
26813
6502
3256
5862
23535
15294
20783
21530
23072
18534
18902
19596
22316
22111
10907
13807
19263
22256
20680
20744
15350
16882
20593
19375
21016
21712
25370
11676
21540
20975
20009
21328
19083
14431
12767
21098
21863
19434
12454
20323
25088
14356
18268
20967
20975
20009
20442
13646
10713
14259
16741
14291
21351
21419
22740
31704
17836
29677
9030
13031
9653
22850
15113
19686
0
-1000
20403
43659
45706
22473
30357
45546
19485
24464
17286
18344
39555
42909
25035
34302
45968
33977
17649
23449
33441
33918
29974
12504
26473
20835
33815
40291
40947
44768
18566
7454
33359
38646
52947
61736
39146
23188
29742
57716
37545
16096
28832
46028
38968
46624
0
10317
38940
43091
32979
13686
25951
14958
0
17055
21914
12504
26200
12071
24575
21289
2601
6372
45103
70512
0
-1000
32537
8798
28186
29903
39747
25403
3861
25924
9393
19134
15578
34626
25505
28106
8556
0
16218
28711
8233
20295
28984
623
12112
10038
22344
16143
21986
3861
0
9024
0
0
23738
33859
865
0
0
0
0
22971
16700
11837
10084
0
3650
0
0
22910
13279
36684
0
0
0
0
0
0
0
0
0
2470
4537
21610
7662
0
-1000
24965
36160
45307
54406
38510
42263
45560
36311
32819
43381
52926
33519
37915
45509
41506
4731
29947
45328
45650
50242
42293
45319
44784
60800
33881
36706
28271
31498
43916
74051
17504
36368
27302
2601
0
7049
21073
44703
42748
37389
13483
36331
42929
42958
26474
40
121
19660
7495
30813
37087
33111
0
221
0
9349
20689
37228
0
0
0
0
0
-1000
16235
16692
14665
13537
1593
15379
13325
13497
13678
14493
14160
6745
6716
6173
15434
18828
4700
10447
13497
13143
29779
23675
14493
12568
15020
28528
20380
29768
17140
14605
25019
18527
24002
10390
24830
11911
16400
11055
13850
10440
10972
27652
18249
6412
3893
12343
8138
11699
15553
21249
8585
32673
14529
2814
17002
11732
14697
25432
5651
16442
20645
18738
27782
30461
12210
0
-1000
26222
19006
9567
12744
6657
8734
13912
12903
5195
14090
10545
6506
11769
17262
3035
0
0
0
0
17326
16433
13742
0
0
19897
16386
25551
12779
14196
47861
18326
0
0
0
0
0
0
17326
7837
3035
3126
15737
0
0
0
0
0
0
21583
18210
11655
5789
4741
10378
6909
13142
5618
12415
10160
19874
2827
0
16549
0
-1000
21814
29799
20790
24027
736
21411
42135
31483
26688
17027
27003
29269
29415
40025
29162
37767
23185
23794
34307
15546
25106
31321
33984
33490
666
735
17096
19317
18237
34114
30150
36765
0
0
0
16299
0
0
5577
5145
16431
35757
0
40
18820
17139
19831
19054
38108
29269
0
0
0
5577
16731
25438
34597
27005
16816
37240
30585
44489
51897
14840
17139
0
-1000
18973
13223
18659
4267
4447
19619
7181
16643
12827
26111
9974
17015
7181
14989
19266
15976
16357
16690
2471
0
0
0
0
10575
16568
12131
14071
13638
18460
18790
7655
17004
14555
18793
14807
0
0
0
14667
4602
11172
15331
949
1155
3804
90
3498
3201
1954
4537
1645
18058
7360
16903
14373
0
-1000
18444
21682
8076
10672
16125
13726
17688
22303
11636
19090
19976
21860
13981
14654
14420
17084
15871
16640
16882
20270
13140
15378
17274
12394
21198
15666
13375
11093
17881
13069
21044
12734
26205
8399
9063
28484
15284
11314
14179
14239
16125
29492
12268
11790
15035
15902
19049
10408
16084
6606
2918
19252
12737
15963
16700
12415
0
-1000
21376
30433
42425
44168
41465
29081
17496
43443
30634
33549
44662
37321
39007
43698
9479
27376
33169
19562
48892
38624
23848
18917
16871
9137
3055
19603
68650
20034
39753
39986
0
-1000
19716
40432
30066
24230
38019
19506
26593
33657
26768
31073
3933
47913
12962
34377
21959
22228
8058
23333
17012
19950
23601
0
0
0
1674
39045
25749
27961
24064
32144
27961
24064
35167
23178
12250
35692
27453
14362
13935
28209
38800
22811
8896
34488
30904
25891
18323
32526
31456
28826
27252
30815
32526
28948
35761
30409
24541
38775
24197
30751
27850
33323
50661
8501
18574
0
-1000
31839
31727
50601
21448
41816
29298
46987
45734
40531
35944
11429
34420
36801
42390
42941
34985
40888
22926
25838
36286
41695
33535
35691
43055
29901
31378
36549
26166
37520
33639
44710
34328
73728
43594
27942
17066
12787
16702
12496
39063
47415
24508
25943
22120
42125
16148
49136
30609
28585
36554
3612
0
0
13474
48332
31526
35656
33195
20608
34907
85790
25375
74505
35475
29513
0
-1000
26485
36966
36049
6331
22478
23446
21913
28167
15750
26361
22138
24718
24990
27257
18069
18775
12355
31031
33929
34101
11743
24436
27247
13856
16507
27412
15045
17314
25749
18225
3530
6899
25283
19010
18496
19482
13951
2150
33989
3428
2178
25305
12707
29438
16275
22158
15468
15854
30394
6533
7592
3997
26777
15045
26118
26059
18910
0
12247
2519
0
0
696
0
-1000
38791
37613
39456
21263
27667
23673
19617
27475
21592
21878
18558
41495
39073
21778
17964
30713
17589
47184
52773
35664
17037
10982
9305
31776
25742
21592
18075
23369
25609
22938
24601
31833
24804
0
0
0
0
0
0
32106
29106
24026
25045
27798
14748
25225
24489
18631
0
0
0
22052
16023
28724
33548
37520
44753
19104
33074
20295
14374
32194
30855
0
-1000
6916
0
938
25757
32834
5539
22099
20527
28937
5377
24105
47155
12077
36448
25117
15520
13962
11779
24396
34585
16145
14100
22661
21191
3045
26212
17911
21414
28484
29233
25993
29513
25881
12062
28837
1181
24234
36418
15155
47700
12309
33667
20242
15943
32327
43052
23690
4379
2944
1876
16024
0
-1000
18019
28935
11537
1956
33620
44086
42513
34030
38610
35939
20120
12637
31416
35819
0
27620
42412
15171
0
33530
0
13157
20373
18708
19745
0
40167
31618
27320
0
0
18019
59181
50087
0
0
0
0
0
0
674
14440
17348
101
28004
41989
39124
29340
38610
7586
0
0
0
19522
0
-1000
2441
13402
19637
15392
3048
27040
24963
19675
4388
15494
8311
5104
25387
19281
20130
12889
17278
8241
4437
6887
20280
14394
7153
7202
8703
22318
32176
18872
15300
2381
1695
23397
31653
16048
2876
27211
132
4801
32073
211
28139
18111
3027
403
22388
17793
26062
17385
1352
23327
4681
6887
6404
32315
16941
3116
6273
504
28472
10550
4549
20252
16670
18355
10007
0
-1000
212
13676
27827
22533
35041
30237
30996
23349
20618
28846
0
0
0
16451
30984
27384
29118
15686
27635
26102
7507
0
6818
16129
25417
25610
34861
48778
21724
24862
28746
29976
14435
28422
11156
4236
13001
10925
6112
6525
10752
29946
24528
20124
9533
28573
4609
5113
32013
33193
3116
2662
8018
10733
20618
33398
15956
10087
0
0
7605
8755
32871
27417
29714
0
-1000
0
0
0
0
14488
21764
25685
20131
24586
20142
6774
7236
24167
30497
32887
20393
12905
9317
4032
4617
9636
1763
3378
4021
4718
4072
11149
0
0
1513
7672
24496
45995
42686
39016
0
0
1906
43098
22890
5170
8617
1431
0
242
12935
2511
12330
47891
6110
0
60
13409
7524
1471
0
-1000
13518
26801
20863
16566
29805
52585
27270
17557
6684
13147
26488
22607
22810
33041
47257
15548
27235
27507
27213
35039
33657
35714
37516
26226
23586
0
0
17268
2713
3951
8822
18673
39071
13120
5061
4316
13106
18898
524
13015
22607
16911
7782
23292
18898
5726
0
10372
20229
25540
17274
676
5938
5686
22497
29574
31298
60965
0
-1000
8703
10758
2077
14955
19790
15279
10950
10758
19012
13527
7672
19091
12862
0
6001
8569
16895
4256
6130
10637
10849
23340
10430
3307
10910
11933
5162
12563
21585
15048
10869
16128
3662
2460
5668
2047
7303
4759
1632
6505
444
0
6253
18457
12024
16702
16287
9578
1815
7303
11626
9206
6726
2975
5738
19334
22845
10882
2470
15367
0
-1000
39800
36761
23454
55131
17815
0
23486
37166
18787
54426
54377
30783
22980
7283
26011
4522
19544
14727
0
28008
54549
48795
6849
0
0
0
46821
53823
39151
55254
0
0
16992
29686
32869
24041
53498
13913
10403
8805
41703
50437
25805
30829
0
0
6607
0
21097
18138
15999
0
5495
39430
68074
32129
47033
0
-1000
18016
5856
536
19223
3957
0
17844
9474
1758
0
0
981
0
12525
6269
15075
7853
5791
5239
2016
13076
1632
16411
7428
15485
4418
425
11949
0
13486
6192
961
22891
3640
0
13486
6404
0
19207
0
0
0
0
0
18258
1420
0
6663
0
0
12525
7365
6129
8989
2881
5583
10162
8531
7975
12586
10715
11008
0
-1000
10793
19299
26138
14329
21205
18116
21424
5259
17621
18447
26400
16405
11326
26992
13032
0
4207
25072
17350
18185
23876
2209
16467
26269
15133
10815
23043
18086
17049
10784
0
0
563
0
0
0
0
0
0
0
0
0
0
0
18385
20553
15723
26175
33393
17679
13483
42823
32350
15232
32017
18472
24077
17370
36810
16859
41519
30541
24076
39343
0
-1000
5212
16998
24001
25754
41631
25016
24112
262
14921
20195
16422
17543
22041
23215
24485
14920
11908
20073
13973
22949
28561
29236
22782
15657
10011
9218
19138
16071
7694
12424
16898
8400
5397
25275
11211
1813
9031
25458
16818
18330
4398
15889
3969
15778
19015
40843
21506
19400
38191
25277
13641
7474
3842
61
16868
29719
16656
20729
15000
29730
14188
22242
32021
31678
31678
0
-1000
16720
14131
15525
7854
5865
8319
9511
10330
757
7988
6733
1192
10090
2274
16639
10846
5255
15192
555
3569
6673
8624
3345
1679
2305
11567
4689
990
6309
11597
2960
13362
12747
1192
9414
3487
4500
4915
4894
5288
3741
6208
8453
2003
6450
3549
0
10150
8319
1455
8150
3912
3964
7988
6733
1576
5692
6539
1091
11426
0
9492
5591
2396
3114
0
-1000
24771
25938
29309
37609
33396
28286
46872
34051
42870
30187
37458
45924
14714
32685
6382
26739
45348
32320
43568
38631
0
4827
39238
44816
23156
40881
40347
34082
32189
38627
41878
42271
31328
17508
26314
28143
63432
10479
37640
27043
38742
35659
42182
28889
127294
44547
28605
27699
23461
39590
115114
27773
0
24771
21884
6845
28533
0
302
31627
30885
15549
29621
33568
33913
0
-1000
6539
4901
1332
11672
8021
970
4316
8308
5952
6052
6809
10943
8710
11296
13865
1929
11965
9436
16180
5607
9347
15927
6991
4456
6467
13034
19052
5607
7123
10902
10771
13945
7486
11266
5132
7305
16675
15817
0
0
0
0
0
0
0
0
0
7428
8688
8567
11579
4577
2790
8115
6476
6476
11740
12551
7215
5456
9074
23579
4233
13934
18071
0
-1000
23056
17879
12130
8025
9095
9046
9339
6888
15844
7904
11000
5816
12071
10153
13540
4697
9893
11616
13047
12311
15225
25143
5927
0
0
31568
3481
0
0
0
0
0
0
0
0
29823
1745
0
0
17237
23627
12321
14882
393
29501
7009
17205
8427
5906
9874
10698
7520
28993
13785
11041
5977
7220
18161
12574
6692
10840
27570
31398
0
-1000
24815
20218
26488
27501
19147
32129
21555
26892
36219
60401
32249
20391
24961
19947
7905
39247
50078
37088
68263
93467
22559
54543
56230
44956
45985
26896
65750
57604
46050
53489
58248
47291
41161
66572
80685
21796
58833
45357
54630
46661
46927
59556
57690
46535
38401
1669
56596
58483
35490
66143
79082
74033
78634
42016
51375
51217
43026
60130
63216
49598
47345
68888
70232
105914
81769
0
-1000
