745
492
492
276
573
492
492
492
492
492
492
492
492
492
492
492
492
492
492
492
492
492
492
423
392
492
492
492
492
492
492
492
278
468
375
316
11
804
338
461
492
492
375
382
492
492
492
492
492
492
443
383
0
449
407
0
0
562
484
117
611
492
492
278
296
0
-1000
218
614
619
617
614
614
619
614
619
615
619
614
614
619
614
614
614
619
614
614
619
614
614
619
553
553
619
616
540
616
614
619
619
614
614
614
614
614
0
0
0
0
218
614
617
551
20
75
619
614
614
619
619
614
614
614
614
614
5
176
619
619
614
0
-1000
477
464
464
458
464
478
437
437
458
437
446
458
442
437
437
458
456
464
458
442
437
437
464
439
437
441
458
439
489
464
516
478
458
459
463
467
501
578
516
464
603
451
478
442
464
464
485
442
464
442
612
464
512
478
464
464
464
464
464
460
442
458
516
464
502
0
-1000
155
68
68
68
68
68
68
68
68
68
68
68
68
68
68
68
68
68
68
68
68
68
68
0
130
81
68
68
68
68
68
68
68
68
68
68
68
68
68
68
68
68
68
68
68
68
68
68
68
68
0
0
0
0
0
114
0
-1000
626
457
457
457
457
457
457
457
466
466
457
457
457
457
457
344
690
460
466
466
462
457
457
465
457
457
466
457
457
466
466
466
466
466
457
457
466
466
466
457
437
445
457
466
466
457
457
457
457
466
466
457
466
466
466
466
466
0
-1000
301
359
357
357
357
357
357
357
357
357
381
357
357
379
379
380
357
357
357
357
357
357
357
357
129
322
357
357
357
357
389
357
357
357
365
357
357
357
364
357
357
0
303
239
357
357
357
357
357
294
393
60
248
340
357
124
322
357
40
165
48
303
113
0
-1000
584
297
297
297
297
297
297
297
297
297
297
297
297
297
297
297
297
297
297
297
297
297
297
297
297
297
297
297
297
297
297
297
297
297
297
297
297
297
297
297
297
297
46
402
514
297
297
297
0
-1000
373
381
381
381
108
327
258
385
323
181
403
381
381
381
381
381
381
381
200
208
405
381
381
381
381
381
355
381
381
381
349
379
381
381
381
381
381
381
381
381
381
381
381
381
381
381
349
159
378
381
381
381
266
408
200
181
369
349
381
381
349
439
373
381
0
0
-1000
341
257
257
257
257
257
257
257
257
257
257
257
257
257
257
257
257
257
257
257
257
257
257
257
257
257
257
257
257
257
257
257
257
257
257
257
257
257
257
257
257
257
257
257
257
257
257
257
257
257
257
257
257
257
257
257
257
257
257
257
257
189
257
257
257
0
-1000
717
1719
1741
1837
1741
1750
1738
1770
1752
1821
1726
1771
1795
1724
1771
1779
1324
415
993
1771
1719
1786
1781
1760
1742
1745
1744
1800
1782
1759
1768
981
1345
1705
1842
1751
1760
1722
1775
1807
1690
1300
1460
1176
0
134
1003
1762
1732
1098
556
661
0
0
932
833
676
109
509
279
216
144
932
1798
0
-1000
478
88
441
161
199
242
70
441
114
485
242
92
296
177
218
0
107
441
231
161
161
48
66
66
233
419
296
92
0
41
0
0
86
462
92
0
0
0
0
107
419
204
482
0
41
0
0
328
242
242
48
0
0
0
0
0
0
0
0
41
0
66
437
204
0
0
-1000
453
383
414
383
383
382
383
383
383
199
364
382
378
81
334
125
334
382
383
382
382
383
383
383
383
382
382
383
177
231
385
382
382
382
375
375
268
342
403
381
382
356
415
383
382
418
224
290
382
383
231
182
186
231
307
382
382
389
382
383
338
382
383
0
-1000
405
315
315
315
315
315
315
315
315
315
315
315
315
315
315
315
315
315
315
315
315
315
315
315
183
371
315
315
315
315
315
315
315
315
315
315
315
315
315
315
315
315
315
33
0
405
315
315
315
315
315
315
315
315
315
315
315
315
183
315
315
315
315
315
315
0
-1000
205
152
152
152
152
152
152
152
152
152
85
5
205
152
152
152
152
152
152
152
152
152
152
152
152
152
152
152
113
65
66
152
152
152
152
152
152
152
152
152
152
152
0
0
0
0
0
0
0
205
152
152
152
113
5
123
152
152
152
152
152
152
0
0
-1000
221
563
541
3
74
224
541
544
570
609
555
552
583
544
544
606
613
541
544
613
613
541
544
541
612
650
573
544
612
603
544
612
609
544
544
613
611
613
676
676
613
600
613
613
613
613
613
613
613
541
544
544
544
613
613
609
576
541
544
612
613
541
544
541
522
0
-1000
541
219
200
176
205
282
224
200
200
200
200
200
200
200
200
200
200
200
200
0
0
0
0
478
282
200
200
200
200
200
200
200
200
200
224
0
0
0
560
200
200
200
172
0
486
200
282
282
200
270
200
200
172
263
282
0
-1000
409
323
319
249
249
274
118
601
259
249
249
317
319
249
312
288
319
319
317
249
249
249
249
249
290
317
387
317
313
319
317
298
317
405
264
319
319
317
317
282
319
319
295
283
319
319
285
271
249
319
252
249
289
249
270
279
0
-1000
185
195
208
155
232
164
164
164
162
181
227
172
164
173
164
164
195
199
195
178
225
173
195
151
160
204
150
195
169
213
182
0
-1000
323
434
228
228
228
228
228
228
228
228
228
228
224
390
228
228
184
426
228
228
228
228
228
228
228
228
228
228
224
263
228
228
228
228
228
228
228
226
248
228
228
228
228
228
228
228
228
228
228
228
228
228
228
228
228
228
228
228
228
228
228
228
228
228
228
0
-1000
529
588
558
654
605
607
608
538
645
601
344
496
651
592
558
628
592
611
630
617
633
625
651
592
641
651
592
638
650
324
496
634
611
607
651
651
651
324
496
625
592
615
651
651
592
645
651
626
651
651
70
0
0
420
496
427
599
427
599
640
651
324
496
625
651
0
-1000
202
404
454
442
454
454
455
442
454
454
454
454
454
454
462
390
438
442
455
455
454
454
454
455
442
442
460
460
442
442
448
442
442
416
447
454
447
470
442
442
454
442
328
355
455
442
442
201
379
454
157
317
442
455
442
461
421
30
116
302
449
454
180
282
0
-1000
334
841
370
370
370
370
370
370
370
370
370
370
370
370
370
370
370
257
0
0
0
0
990
370
370
370
370
370
257
1048
370
370
370
370
370
370
370
370
178
18
847
370
370
370
370
370
370
370
370
370
370
370
63
876
420
370
370
370
367
828
370
370
370
370
370
0
-1000
168
659
580
551
540
580
551
551
550
552
550
541
552
552
540
551
554
554
538
623
551
542
551
550
554
540
582
546
551
551
540
563
551
550
542
563
554
552
554
552
563
543
561
554
554
540
551
550
554
563
554
213
0
0
0
0
65
0
0
0
0
0
0
0
-1000
86
435
304
0
0
391
489
489
507
524
489
304
429
489
74
576
909
489
0
1557
263
325
430
489
489
304
576
894
489
0
0
87
489
489
159
0
0
0
0
0
0
0
87
238
87
391
489
482
489
319
0
0
0
95
296
87
0
0
0
0
87
489
489
0
-1000
0
85
85
164
164
164
164
164
164
164
164
164
164
164
164
164
164
164
164
164
164
164
164
164
164
164
164
164
164
164
164
164
164
164
164
164
164
164
164
164
164
164
164
164
164
164
164
164
164
164
164
164
164
164
164
164
164
164
164
164
164
221
164
164
164
0
-1000
0
116
152
413
380
489
432
434
434
434
432
434
432
432
432
432
432
432
437
434
432
432
432
63
178
426
418
442
433
433
432
479
434
434
434
432
432
351
178
178
480
434
434
434
434
434
373
489
432
433
432
432
188
304
434
434
434
434
432
432
419
460
188
304
432
0
-1000
0
0
0
0
0
139
139
47
47
138
47
47
189
191
161
191
201
191
177
201
201
250
227
25
0
47
173
188
47
0
25
47
141
139
191
195
139
0
0
174
139
139
154
201
0
0
201
195
139
25
0
0
47
201
201
0
-1000
0
0
0
0
3
757
327
301
330
392
440
385
301
357
322
330
261
399
349
376
417
301
330
273
399
265
399
265
399
330
330
264
399
336
330
330
440
216
399
389
389
399
216
371
399
216
389
399
216
399
188
123
378
405
383
159
0
572
330
348
281
330
0
-1000
0
0
0
0
0
12
385
385
385
385
385
385
385
385
385
385
385
62
0
0
137
385
385
385
385
385
385
385
385
385
385
385
385
385
385
385
385
385
383
305
305
385
385
385
305
62
72
380
385
385
385
385
385
385
385
385
385
385
385
385
385
385
62
0
62
0
-1000
0
0
0
0
0
306
350
316
397
392
0
488
305
102
324
273
273
808
902
209
0
491
171
0
439
266
273
50
0
0
0
389
273
273
134
0
0
0
389
273
273
267
102
196
324
273
267
273
143
117
0
167
0
354
306
223
0
0
363
128
371
830
0
-1000
730
49
49
49
49
0
730
49
31
0
0
22
0
176
603
49
49
49
49
49
159
49
49
89
49
49
31
79
0
100
679
49
679
40
0
707
67
657
661
0
0
0
0
0
21
60
0
52
0
0
547
232
679
49
49
72
49
49
49
49
49
49
0
-1000
0
303
335
351
261
274
237
300
236
243
379
259
273
237
237
236
237
233
311
392
236
283
186
335
324
317
172
387
243
274
273
282
109
408
243
334
273
214
496
176
368
260
346
279
199
368
606
622
685
682
525
636
741
566
677
542
621
636
636
668
553
677
598
729
762
0
-1000
125
532
533
533
533
533
533
533
533
533
533
533
533
533
533
533
533
533
533
533
533
533
533
533
533
533
533
533
533
533
533
533
533
533
533
533
533
533
533
533
533
533
533
533
533
533
533
533
533
533
533
533
533
533
533
533
533
533
533
533
533
533
533
533
533
0
-1000
0
332
574
184
350
435
410
447
574
103
356
492
447
574
586
535
583
348
500
575
295
409
551
574
566
439
447
111
340
409
566
583
580
575
570
574
566
586
510
399
352
394
447
574
575
103
443
586
528
566
586
377
461
596
520
575
527
566
531
447
0
431
221
217
574
0
-1000
539
132
132
132
132
132
132
132
132
132
132
132
132
132
132
109
153
132
132
132
109
539
571
132
132
132
132
132
132
132
132
132
132
132
132
132
58
571
109
151
109
109
151
174
132
132
132
132
132
132
132
132
0
0
604
0
539
0
0
539
132
132
132
132
132
0
-1000
245
324
82
218
324
324
324
324
334
158
121
122
121
121
121
122
135
121
122
121
121
121
121
121
121
121
121
121
121
121
121
121
121
121
121
122
135
121
53
0
0
0
0
0
0
0
0
0
253
121
121
122
142
82
97
121
121
121
122
122
81
166
82
97
121
0
-1000
223
181
181
181
181
181
181
181
73
196
181
181
181
181
181
73
206
181
181
181
181
181
181
181
181
181
181
181
181
181
181
181
181
181
181
181
181
181
1
51
224
181
181
181
181
181
181
181
181
181
181
181
181
181
181
181
181
181
181
181
181
181
181
0
-1000
861
468
457
447
508
628
615
615
789
1439
1434
452
630
460
303
996
2111
1626
1806
1948
1022
2453
1834
1879
1937
1948
1937
1937
1138
2396
1937
1946
1239
2404
1893
1937
1924
1748
1735
1866
1921
1937
1709
1807
1107
568
1817
2480
478
2216
1893
1937
1138
2175
1872
1937
1861
574
2091
1508
1520
1662
1588
1262
1601
0
-1000
