6975
5959
7572
7342
6756
7720
7356
7360
6102
9009
8174
5323
7580
6297
5381
6950
9225
7495
4251
8011
7354
6458
5655
6901
9265
6338
5705
8819
6373
6794
9020
9073
4279
8484
6384
4901
1314
7802
5498
6652
7353
12823
5835
6425
5876
6017
5858
6508
4843
9581
8243
8465
0
2897
3787
0
94
6547
6017
5619
4262
8249
8946
6900
3901
0
-1000
7866
12751
13387
14375
12928
13431
12760
14693
17846
16950
15233
14586
15282
14818
15295
14102
17909
14108
12894
12993
13489
15302
15723
15200
12855
12387
14655
12843
11433
14938
16754
15249
14354
7086
3716
3716
3789
14408
9656
0
0
2263
13899
18830
16380
15010
13757
13541
15126
15245
15404
16935
16706
10563
3716
3716
3716
3716
2813
11526
19270
16343
13950
0
-1000
2159
1682
1979
7737
8805
5330
7430
496
2100
1993
3685
5012
2757
4486
7753
7462
5050
3363
4270
7963
9551
8783
8781
8582
6492
7604
8419
9591
8759
1209
2061
1682
2135
3602
2820
2892
1392
1682
5304
7670
1668
1682
1682
1682
1682
2728
1703
1682
1682
2452
1670
2833
8034
1394
2076
1682
2136
1682
3740
5762
2350
1682
2351
11266
8444
0
-1000
1881
1250
1502
1170
714
1719
875
1097
1165
1578
1521
1170
1556
1161
1553
1137
1484
1178
1114
1504
1150
1495
1196
334
1519
1463
1221
1176
632
1779
1886
1335
1300
1482
1174
1083
983
1509
1231
1178
1429
1176
1079
733
1503
1149
989
995
835
1496
336
0
0
0
0
955
0
-1000
15593
12383
13786
12498
12296
12739
12360
13302
13179
13239
13922
14209
12461
12489
13210
12442
14534
14143
11860
14627
13842
13115
12433
13004
13733
12762
13908
12011
12277
14402
12686
13050
11693
13927
12741
12192
11683
11658
16502
12708
12428
14497
14607
13115
12822
13281
12461
14326
12010
14878
12874
13966
12329
13735
11827
12625
11614
0
-1000
11948
7050
11299
6970
10540
10162
8318
9884
6982
10268
6995
10273
10338
5934
11232
9900
7407
13275
10175
8459
7497
14572
6852
10606
9884
11808
10200
10748
9276
8802
11366
6982
8032
13153
6986
11640
6687
13333
6434
11165
9186
4375
8853
10760
11240
7968
13676
7208
7777
12214
8005
4553
6555
12159
9647
8237
13832
5061
5111
851
1245
14669
6968
0
-1000
10892
13171
9857
3413
7321
10215
13805
13370
13774
13247
14520
22048
11961
9306
6089
9761
13195
4579
4865
7170
7330
6993
7293
14185
3996
8986
3917
5964
5981
5982
5985
6047
6414
5957
6253
8347
4800
6255
4224
6289
4934
4989
3739
3900
8949
6266
6538
7290
0
-1000
5626
9517
9445
6197
978
6028
8311
9103
8474
4104
7656
9584
9586
9599
9959
8657
10168
9930
4551
5323
7600
9586
8572
9586
9585
9585
8565
6396
6185
6099
8278
5095
4679
9868
8467
9680
8892
9581
9988
8153
6842
8155
8874
8172
9670
8891
6804
3636
5118
8525
10145
10929
7101
6219
4018
2889
7418
9533
9581
10790
8990
8811
6368
9020
4142
0
-1000
5093
7969
8291
5647
1973
4502
7970
8294
7833
6618
5788
3231
4367
5925
6318
6726
5793
2365
2762
6034
8040
6864
5871
6621
4882
3381
5261
6790
5596
6361
8195
5185
3927
5049
4113
5822
6388
6367
3658
2461
4509
5810
7431
6358
5971
5795
2632
3716
5472
4049
4723
4311
2464
5468
4712
6381
7273
6088
7301
9185
7343
8423
8569
8388
6369
0
-1000
14645
15490
14654
14548
9853
12393
14378
14749
15088
14609
10866
13002
8754
15782
15378
14617
9425
9165
13043
13807
12950
8779
14461
13422
10924
12840
15753
13440
14445
8115
15685
8280
14882
14685
14649
14916
14653
14663
14640
8220
14336
9532
11751
12004
0
4609
17412
14653
12299
8351
9585
9457
0
1183
15903
6409
14916
672
6670
6519
5530
4985
15808
16739
0
-1000
12915
3618
15050
8684
9946
8566
4230
14572
1310
12213
7314
9026
10832
6409
7461
667
4044
12853
6631
11016
6018
5737
3574
5073
7936
10619
11597
5315
0
962
0
0
5875
11581
3521
0
0
0
0
6468
9899
4272
7518
0
987
0
0
5437
8620
10748
1578
0
0
0
0
0
0
0
0
390
0
543
5932
7946
0
0
-1000
8501
7476
7114
6004
3715
6658
6117
4672
6030
3545
4249
3803
4505
2467
6065
2340
5959
3404
5568
5349
3520
4051
7486
7116
3304
2610
5413
6007
3576
856
7013
3705
3860
2471
3608
4332
5624
4492
6729
5795
3916
3935
4079
3565
6688
3194
3507
5132
3402
5128
3504
3274
2217
5672
4574
5240
4079
5126
2549
3829
3983
4106
3978
0
-1000
3815
3102
3133
2740
1736
4004
2727
3963
3095
3157
3509
2750
2886
2703
3233
2999
2921
2492
3136
3326
3093
3099
3132
3098
2293
3830
3021
2891
3232
3091
3414
2870
2513
3014
2739
3118
2586
3422
3027
2708
3213
3090
3124
923
0
3685
2467
2912
3032
2985
2573
3600
2673
1607
4055
2724
3329
3097
2772
2731
2586
2964
3515
3100
3000
0
-1000
7761
3358
3203
2892
2822
3623
4170
4318
2137
4860
3467
230
7762
3345
2893
2246
3242
3221
3259
3220
4585
4639
2175
3251
4444
3073
3049
5948
2572
3200
3938
2551
3667
3300
3213
3234
3234
3728
2784
2361
3016
4146
1361
0
0
0
0
0
2575
5731
3484
2277
3522
2660
1912
3905
2669
3929
2650
3557
4341
3915
228
0
-1000
6720
9254
8908
3619
404
6866
14705
8374
10586
7984
8178
8606
8556
8471
8851
9455
9653
10604
8602
5664
7480
10281
10586
7421
3571
3567
5213
7849
5213
8018
6296
5714
4657
3580
3581
6119
3770
3558
3583
3447
5664
7318
3464
3571
6093
5813
4622
5962
7055
9489
4798
3567
3583
3580
5973
8015
7589
8997
8872
6683
9316
10604
10603
10586
5137
0
-1000
6470
4805
4516
1447
3287
3954
5752
4521
4262
4512
3838
4369
5541
5061
3956
7486
8219
5658
3707
0
0
0
0
3991
3910
4218
3885
4377
4368
4648
3548
4393
4199
4351
4204
0
0
0
5671
4136
4523
3859
512
790
5216
3096
1159
3188
3619
3640
3479
4591
1108
4150
4334
0
-1000
6237
6086
2820
4776
5222
4988
4839
9061
4128
5209
4362
5123
4439
4533
5123
5245
3967
5179
5121
5130
5209
5087
5159
5034
5299
5884
5081
3664
5316
5271
4384
5070
7479
2225
5240
5848
3304
5316
4371
4938
5378
5520
4341
4850
5319
4409
5055
4878
5182
4948
4761
4856
4983
5095
5045
4865
0
-1000
4251
10599
10731
11682
7947
9274
9272
12718
5633
11605
8343
9532
10553
9196
8864
10368
9997
10068
9145
10472
9145
10404
10321
7362
4749
8091
9297
9030
11532
9185
7904
0
-1000
7712
11524
5882
6549
9322
4674
9660
7156
10717
5753
6924
9820
3028
12866
6107
8638
4218
8382
8276
6660
8440
5390
6122
6122
6127
10165
6136
7906
6387
9892
6806
7959
8459
5733
8327
7691
7214
6856
8052
8490
8480
8256
4544
9106
7721
7218
7511
7266
8900
5776
7081
7585
8367
7019
7608
9523
5124
8021
7083
8112
8191
8178
10140
5185
7353
0
-1000
12576
12688
17140
8758
11737
13265
13799
14977
13948
15544
7117
14116
12273
13054
13484
13886
20820
9385
14035
11914
12961
12445
12458
15819
13079
12393
13205
16683
15185
7510
16056
8321
14656
13506
11764
10836
11740
12977
10122
11091
11452
11285
13411
12340
15449
7516
12995
10193
10576
11712
570
0
0
10169
11931
13368
12545
10102
11740
17626
21998
5905
18794
8181
11234
0
-1000
6263
12689
8387
8356
12392
9816
10093
11337
10029
10815
11157
10556
10069
11661
10685
11217
8280
12609
10241
12115
11912
10000
12084
8997
10011
12135
10814
7807
9758
11344
7400
8542
11372
8080
10517
8733
9468
7961
10121
7852
4456
10850
8583
10726
10125
9136
9766
9804
11879
9000
7043
5964
8474
9172
9458
10392
8867
2101
4758
10516
10596
10143
11595
8960
0
-1000
8254
16145
11598
10305
11666
9531
8605
10557
10314
9647
10209
9841
8628
10950
12071
12394
11387
7109
0
0
0
4656
10359
13908
10128
9544
10189
9137
9547
11065
10111
12035
11292
8243
6330
9043
9047
9039
2848
2355
14281
12667
9648
7817
11033
8020
13653
9493
4598
8789
9042
9036
12555
9592
8862
8905
9858
11814
10629
11694
12362
7937
17731
12240
7169
0
-1000
1913
7
2159
4924
4925
4924
4925
4924
4760
4924
4924
4943
4925
4924
7137
8694
4927
17
788
4924
6241
6672
7231
4943
1085
4695
5639
4924
4635
4924
9075
9210
8597
4749
4924
4924
4846
7161
6348
5648
4946
4961
6621
4927
8669
9323
8869
4925
1340
343
3318
1417
0
0
0
0
1162
0
0
0
0
0
0
0
-1000
2838
12630
7636
0
3906
13991
14707
10046
6513
13230
14454
7849
2634
13420
2645
5551
12813
11537
0
2706
265
1100
4083
6665
8261
1117
4029
10883
4884
0
0
888
9146
12558
3264
0
0
0
0
0
2
429
3700
703
2826
5537
8863
7352
12789
6600
0
0
0
160
1876
2957
0
0
0
10
2133
5078
11643
0
-1000
300
2600
5519
4375
3547
4918
6254
1561
4394
4413
3988
3837
4814
4375
4375
4375
4372
4447
3502
2027
4319
3798
4316
4344
3244
4139
4887
4375
4335
3431
1652
4512
4382
3989
3531
4934
4149
2210
4653
3518
4780
4376
3862
1653
4371
4593
4372
4482
3361
5381
4299
1672
1746
4461
4444
3615
1764
1702
5570
4300
1753
4947
4376
4375
4460
0
-1000
198
2826
5634
7229
5350
5606
5336
4180
3989
4936
1772
3210
3217
3609
5136
5851
5801
4252
4309
3744
2670
3158
3217
5046
7586
6488
6865
7321
7565
6535
3338
3617
3774
4910
3408
2786
4869
4019
7748
4944
3871
4740
3785
5081
4551
4630
2743
3365
4939
5265
3168
3150
3290
3440
4892
5266
4033
3463
3234
3206
3215
3772
2434
6842
7280
0
-1000
5
0
0
0
1059
4335
7186
5049
4642
6759
3224
2429
2541
6467
6604
6223
3516
3511
2104
2150
3079
1397
2028
1513
409
1575
2507
2200
169
456
1772
2876
5252
6771
6592
1301
1437
1
1828
2749
2435
2536
1796
1684
1
1086
2239
2848
6832
759
0
364
1669
2435
2387
0
-1000
10
0
0
0
250
10609
7378
6508
4472
6096
7911
5632
5392
7998
4960
6308
4182
9651
7017
8577
5904
6297
6043
6700
8202
2656
10025
5563
7981
4783
5614
5747
9324
5647
9423
7180
8800
3584
6900
4349
6213
9999
2651
5995
10398
2335
8282
9251
3119
9999
881
511
3260
9137
5495
2072
638
5672
9989
8087
3867
6972
0
-1000
6
0
0
0
142
2141
4167
3252
4313
4487
3757
4168
3980
4799
3137
4228
4596
2052
0
1943
4218
3953
4142
3910
4174
4396
4548
3968
2043
4398
3707
2676
4289
4534
3025
3822
4217
3887
2481
2129
2129
2641
4260
3773
2583
1990
2743
2132
4281
3766
4047
4189
3833
2520
2812
4447
3829
3053
4099
3993
4849
3687
762
1146
2782
0
-1000
25
0
0
0
0
6593
10677
4281
9848
7008
89
3416
8499
1239
8087
10088
6140
7208
7932
4259
0
3855
3740
0
2916
7320
8833
3916
0
0
0
3616
8518
8978
6989
0
0
0
4967
7463
7368
9379
5014
776
4849
7035
8504
7364
6230
212
0
1608
0
3467
8360
7161
0
0
6491
7043
9118
6241
0
-1000
11332
3173
7634
8498
7272
0
6242
7844
2682
0
0
693
0
5205
8392
7942
4526
7589
4603
7466
8392
7772
7662
7717
6839
3756
896
4360
0
5204
8393
6859
8688
3580
0
6204
5213
1932
2597
0
0
0
0
0
2804
2297
0
1860
0
0
5454
8631
7654
8034
3379
3715
7557
3764
3684
5918
1828
4774
0
-1000
64
5008
11117
10771
9075
9098
9829
8270
9624
9058
12283
9803
8411
9195
9690
8216
9679
8214
12328
9238
10522
10104
8138
12195
9601
8162
10987
11872
9854
9819
7951
11687
8194
11892
8372
9666
8019
5742
8030
8857
9411
11765
11611
9070
8680
5409
17273
17217
19329
20372
14512
18569
21790
19594
17690
20118
18231
18284
18212
23007
15267
20484
15334
15555
19229
0
-1000
1986
7644
9553
7909
7981
8398
7922
6533
7611
7569
8679
6447
7610
7608
7608
7432
6846
7608
7608
7608
6822
7608
7817
6570
7004
7610
7721
7147
7595
7585
7608
7596
4845
7568
6868
4716
4437
7610
13724
5057
7480
5022
7511
7610
8726
7074
7421
7610
7139
7717
8309
8644
6101
4190
6029
9779
7937
7481
7394
9063
7625
8026
7644
9030
8100
0
-1000
12
2541
6769
2161
6254
3615
5047
6244
4960
3061
18263
11661
3539
5597
6588
4577
6220
5080
4682
4656
3816
5380
4440
5288
4634
4037
4940
3212
3166
4994
5217
5615
4848
3791
3905
4750
4435
5420
4991
3810
4391
4552
4627
3875
4463
1526
3314
4672
5735
4707
6071
2758
5148
5027
4703
4657
5755
6030
4760
3830
106
2590
3402
5079
3832
0
-1000
5654
2758
3274
3346
4022
2919
1589
4661
3470
3135
2851
3909
3942
2762
2983
1318
2846
1596
2784
1952
1539
3382
5296
3739
2957
2926
1718
2485
2841
3017
2930
3045
2291
2254
2743
3125
1128
4661
2152
2002
2217
1938
2928
2086
2913
3260
2888
2032
1963
2828
2747
2972
0
86
5999
13
5556
207
0
3898
2940
1312
2821
1801
2649
0
-1000
7198
5674
3710
10172
7739
5669
8278
5703
6296
6139
11916
12604
8525
10425
13954
5506
7416
12627
12616
6422
5712
9520
11735
8261
5713
8369
8792
6933
5683
5707
5710
8367
8013
8512
7049
5711
6738
5599
349
0
0
0
0
0
0
0
0
2368
10541
10666
5702
5835
6261
6621
5703
6552
6282
5704
5703
5707
2469
11057
8926
5974
9950
0
-1000
5135
3302
4913
5095
8251
4445
3630
4412
3869
4694
4271
2845
4233
4371
4693
2940
4598
3567
3739
3328
4288
4244
5476
2859
2707
3488
3365
2535
3265
3220
3274
3265
3248
3251
3260
3765
2081
3257
1396
1648
4822
3553
3525
2960
5243
4644
5476
4496
4485
3843
3854
3979
4884
3038
3429
3701
3959
4845
3393
4015
5260
5379
4742
0
-1000
20817
12477
17329
12910
11940
18153
15892
17805
16937
28253
16779
9461
17985
12576
9906
18084
33071
45175
45349
43051
23838
35324
41566
45448
41843
44080
42126
44035
30556
39953
42145
48463
31436
36203
45438
42003
41802
44235
45225
44991
44769
43717
43001
45328
31282
1637
24300
38697
13763
32891
45300
43990
32706
38578
44003
43537
40864
21583
35876
43540
41353
45827
41772
42575
43900
0
-1000
